2 1 0 0 1.5 0 1.00012 -0.984647 1.00012 -0.984647 0 0 0 0 
1 1 0 0.00196796 1.5 0 1.00037 -0.984397 1.00037 -0.984397 0.996004 0 0.999619 0 
1 1 0 0.00393591 1.5 0 1.00062 -0.984147 1.00062 -0.984147 0.996001 0 0.999619 0 
1 1 0 0.00787181 1.5 0 1.00113 -0.983646 1.00113 -0.983646 0.995994 0 0.99962 0 
1 1 0 0.0157436 1.5 0 1.00214 -0.982641 1.00214 -0.982641 0.995982 0 0.999621 0 
1 1 0 0.0314872 1.5 0 1.00416 -0.980622 1.00416 -0.980622 0.995958 0 0.999623 0 
1 1 0 0.0629739 1.5 0 1.00816 -0.976546 1.00816 -0.976546 0.99591 0 0.999628 0 
1 1 0 0.11217 1.5 0 1.01431 -0.970071 1.01431 -0.970071 0.995836 0 0.999635 0 
1 1 0 0.161361 1.5 0 1.02035 -0.96346 1.02035 -0.96346 0.995762 0 0.999643 0 
1 1 0 0.210546 1.5 0 1.02629 -0.956707 1.02629 -0.956707 0.99569 0 0.999651 0 
1 1 0 0.259722 1.5 0 1.03213 -0.949803 1.03213 -0.949803 0.995618 0 0.999659 0 
1 1 0 0.308886 1.5 0 1.03788 -0.942738 1.03788 -0.942738 0.995547 0 0.999667 0 
1 1 0 0.358036 1.5 0 1.04354 -0.935503 1.04354 -0.935503 0.995476 0 0.999675 0 
1 1 0 0.407168 1.5 0 1.0491 -0.928085 1.0491 -0.928085 0.995407 0 0.999683 0 
1 1 0 0.456281 1.5 0 1.05459 -0.920473 1.05459 -0.920473 0.995338 0 0.999692 0 
1 1 0 0.505369 1.5 0 1.05999 -0.912652 1.05999 -0.912652 0.99527 0 0.9997 0 
1 1 0 0.55443 1.5 0 1.06531 -0.904607 1.06531 -0.904607 0.995202 0 0.999709 0 
1 1 0 0.603458 1.5 0 1.07056 -0.896319 1.07056 -0.896319 0.995135 0 0.999718 0 
1 1 0 0.652449 1.5 0 1.07573 -0.887767 1.07573 -0.887767 0.995069 0 0.999727 0 
1 1 0 0.701396 1.5 0 1.08083 -0.878929 1.08083 -0.878929 0.995003 0 0.999737 0 
1 1 0 0.750293 1.5 0 1.08586 -0.869777 1.08586 -0.869777 0.994938 0 0.999746 0 
1 1 0 0.799132 1.5 0 1.09083 -0.860279 1.09083 -0.860279 0.994874 0 0.999756 0 
1 1 0 0.8479 1.5 0 1.09572 -0.850399 1.09572 -0.850399 0.99481 0 0.999766 0 
1 1 0 0.896587 1.5 0 1.10056 -0.840092 1.10056 -0.840092 0.994746 0 0.999777 0 
1 1 0 0.945177 1.5 0 1.10532 -0.829304 1.10532 -0.829304 0.994684 0 0.999787 0 
1 1 0 0.993648 1.5 0 1.11003 -0.817972 1.11003 -0.817972 0.994622 0 0.999799 0 
1 1 0 1.04197 1.5 0 1.11466 -0.806014 1.11466 -0.806014 0.99456 0 0.99981 0 
1 1 0 1.09012 1.5 0 1.11924 -0.793329 1.11924 -0.793329 0.994499 0 0.999822 0 
1 1 0 1.13804 1.5 0 1.12375 -0.779784 1.12375 -0.779784 0.994439 0 0.999835 0 
1 1 0 1.18566 1.5 0 1.12818 -0.765204 1.12818 -0.765204 0.994379 0 0.999849 0 
1 1 0 1.23288 1.5 0 1.13254 -0.749347 1.13254 -0.749347 0.99432 0 0.999863 0 
1 1 0 1.27953 1.5 0 1.13682 -0.731865 1.13682 -0.731865 0.994262 0 0.999879 0 
1 1 0 1.32532 1.5 0 1.14098 -0.712227 1.14098 -0.712227 0.994206 0 0.999896 0 
1 1 0 1.36971 1.5 0 1.145 -0.689567 1.145 -0.689567 0.994151 0 0.999915 0 
1 1 0 1.41147 1.5 0 1.14878 -0.662329 1.14878 -0.662329 0.994099 0 0.999937 0 
1 1 0 1.44719 1.5 0 1.15204 -0.627491 1.15204 -0.627491 0.994055 0 0.999964 0 
1 1 0 1.4656 1.5 0 1.15385 -0.58104 1.15385 -0.58104 0.99403 0 0.999997 0 
2 1 0 1.4657 1.5 0 1.15388 -0.577336 1.15388 -0.577336 0.994029 0 1 0 
2 1 0 1.44999 1.5 0 1.15277 -0.529881 1.15277 -0.529881 0.994045 0 1.00003 0 
2 1 0 1.41676 1.5 0 1.15009 -0.492612 1.15009 -0.492612 0.994081 0 1.00005 0 
2 1 0 1.37714 1.5 0 1.14681 -0.462286 1.14681 -0.462286 0.994126 0 1.00007 0 
2 1 0 1.33463 1.5 0 1.14322 -0.436215 1.14322 -0.436215 0.994175 0 1.00009 0 
2 1 0 1.29052 1.5 0 1.13945 -0.412975 1.13945 -0.412975 0.994227 0 1.0001 0 
2 1 0 1.24541 1.5 0 1.13554 -0.391758 1.13554 -0.391758 0.99428 0 1.00011 0 
2 1 0 1.19963 1.5 0 1.13153 -0.372065 1.13153 -0.372065 0.994334 0 1.00012 0 
2 1 0 1.15336 1.5 0 1.12743 -0.353566 1.12743 -0.353566 0.994389 0 1.00013 0 
2 1 0 1.10672 1.5 0 1.12325 -0.336028 1.12325 -0.336028 0.994445 0 1.00013 0 
2 1 0 1.0598 1.5 0 1.119 -0.319282 1.119 -0.319282 0.994502 0 1.00014 0 
2 1 0 1.01266 1.5 0 1.11467 -0.303201 1.11467 -0.303201 0.99456 0 1.00014 0 
2 1 0 0.96533 1.5 0 1.11028 -0.287686 1.11028 -0.287686 0.994618 0 1.00015 0 
2 1 0 0.91785 1.5 0 1.10582 -0.272658 1.10582 -0.272658 0.994677 0 1.00016 0 
2 1 0 0.870245 1.5 0 1.1013 -0.258052 1.1013 -0.258052 0.994737 0 1.00016 0 
2 1 0 0.822535 1.5 0 1.09672 -0.243816 1.09672 -0.243816 0.994797 0 1.00016 0 
2 1 0 0.774734 1.5 0 1.09207 -0.229905 1.09207 -0.229905 0.994858 0 1.00017 0 
2 1 0 0.726858 1.5 0 1.08735 -0.216282 1.08735 -0.216282 0.994919 0 1.00017 0 
2 1 0 0.678915 1.5 0 1.08257 -0.202915 1.08257 -0.202915 0.994981 0 1.00018 0 
2 1 0 0.630917 1.5 0 1.07773 -0.189776 1.07773 -0.189776 0.995043 0 1.00018 0 
2 1 0 0.58287 1.5 0 1.07281 -0.176839 1.07281 -0.176839 0.995106 0 1.00018 0 
2 1 0 0.534781 1.5 0 1.06783 -0.164083 1.06783 -0.164083 0.99517 0 1.00018 0 
2 1 0 0.486658 1.5 0 1.06277 -0.15149 1.06277 -0.15149 0.995235 0 1.00019 0 
2 1 0 0.438505 1.5 0 1.05764 -0.13904 1.05764 -0.13904 0.995299 0 1.00019 0 
2 1 0 0.390327 1.5 0 1.05243 -0.126719 1.05243 -0.126719 0.995365 0 1.00019 0 
2 1 0 0.342128 1.5 0 1.04715 -0.114512 1.04715 -0.114512 0.995431 0 1.00019 0 
2 1 0 0.293914 1.5 0 1.04179 -0.102405 1.04179 -0.102405 0.995498 0 1.00019 0 
2 1 0 0.245686 1.5 0 1.03634 -0.0903864 1.03634 -0.0903864 0.995566 0 1.0002 0 
2 1 0 0.197449 1.5 0 1.03081 -0.0784437 1.03081 -0.0784437 0.995634 0 1.0002 0 
2 1 0 0.149207 1.5 0 1.02518 -0.0665663 1.02518 -0.0665663 0.995703 0 1.0002 0 
2 1 0 0.100962 1.5 0 1.01947 -0.0547437 1.01947 -0.0547437 0.995773 0 1.0002 0 
2 1 0 0.0527172 1.5 0 1.01366 -0.042966 1.01366 -0.042966 0.995844 0 1.0002 0 
2 1 0 0.00447622 1.5 0 1.00775 -0.0312235 1.00775 -0.0312235 0.995915 0 1.0002 0 
2 1 0 -0.0437582 1.5 0 1.00174 -0.0195069 1.00174 -0.0195069 0.995987 0 1.0002 0 
