2 1 0 0 1.5 0 -0.0147815 -0.0147815 -0.0147815 -0.0147815 0 0 0 0 
2 1 0 0.00188961 1.5 0 -0.01526 -0.0152292 -0.01526 -0.0152292 1.002 0 1.0002 0 
2 1 0 0.00377921 1.5 0 -0.0157385 -0.0156769 -0.0157385 -0.0156769 1.002 0 1.0002 0 
2 1 0 0.00755839 1.5 0 -0.0166956 -0.0165724 -0.0166956 -0.0165724 1.002 0 1.0002 0 
2 1 0 0.0151166 1.5 0 -0.0186099 -0.0183635 -0.0186099 -0.0183635 1.002 0 1.0002 0 
2 1 0 0.0302326 1.5 0 -0.0224398 -0.0219468 -0.0224398 -0.0219468 1.002 0 1.0002 0 
2 1 0 0.060462 1.5 0 -0.0301051 -0.029118 -0.0301051 -0.029118 1.002 0 1.0002 0 
2 1 0 0.107687 1.5 0 -0.0421019 -0.0403395 -0.0421019 -0.0403395 1.00199 0 1.0002 0 
2 1 0 0.154896 1.5 0 -0.0541312 -0.0515876 -0.0541312 -0.0515876 1.00198 0 1.0002 0 
2 1 0 0.202087 1.5 0 -0.0662028 -0.0628701 -0.0662028 -0.0628701 1.00198 0 1.0002 0 
2 1 0 0.249255 1.5 0 -0.0783264 -0.0741949 -0.0783264 -0.0741949 1.00197 0 1.0002 0 
2 1 0 0.296394 1.5 0 -0.0905127 -0.0855702 -0.0905127 -0.0855702 1.00195 0 1.0002 0 
2 1 0 0.3435 1.5 0 -0.102773 -0.0970045 -0.102773 -0.0970045 1.00194 0 1.00019 0 
2 1 0 0.390567 1.5 0 -0.115118 -0.108507 -0.115118 -0.108507 1.00192 0 1.00019 0 
2 1 0 0.43759 1.5 0 -0.12756 -0.120086 -0.12756 -0.120086 1.0019 0 1.00019 0 
2 1 0 0.484561 1.5 0 -0.140113 -0.131753 -0.140113 -0.131753 1.00188 0 1.00019 0 
2 1 0 0.531475 1.5 0 -0.152791 -0.143517 -0.152791 -0.143517 1.00186 0 1.00019 0 
2 1 0 0.578323 1.5 0 -0.165609 -0.155391 -0.165609 -0.155391 1.00184 0 1.00019 0 
2 1 0 0.625096 1.5 0 -0.178584 -0.167386 -0.178584 -0.167386 1.00181 0 1.00018 0 
2 1 0 0.671785 1.5 0 -0.191736 -0.179515 -0.191736 -0.179515 1.00178 0 1.00018 0 
2 1 0 0.71838 1.5 0 -0.205085 -0.191794 -0.205085 -0.191794 1.00175 0 1.00018 0 
2 1 0 0.764866 1.5 0 -0.218655 -0.204238 -0.218655 -0.204238 1.00171 0 1.00017 0 
2 1 0 0.811231 1.5 0 -0.232473 -0.216864 -0.232473 -0.216864 1.00168 0 1.00017 0 
2 1 0 0.857456 1.5 0 -0.246568 -0.229691 -0.246568 -0.229691 1.00164 0 1.00017 0 
2 1 0 0.903522 1.5 0 -0.260978 -0.242742 -0.260978 -0.242742 1.00159 0 1.00016 0 
2 1 0 0.949404 1.5 0 -0.275742 -0.25604 -0.275742 -0.25604 1.00155 0 1.00016 0 
2 1 0 0.995073 1.5 0 -0.290911 -0.269612 -0.290911 -0.269612 1.00149 0 1.00016 0 
2 1 0 1.04049 1.5 0 -0.306544 -0.283489 -0.306544 -0.283489 1.00144 0 1.00015 0 
2 1 0 1.08562 1.5 0 -0.322714 -0.297704 -0.322714 -0.297704 1.00138 0 1.00015 0 
2 1 0 1.1304 1.5 0 -0.33951 -0.312297 -0.33951 -0.312297 1.00131 0 1.00014 0 
2 1 0 1.17475 1.5 0 -0.357049 -0.32731 -0.357049 -0.32731 1.00124 0 1.00014 0 
2 1 0 1.21857 1.5 0 -0.375482 -0.342791 -0.375482 -0.342791 1.00115 0 1.00013 0 
2 1 0 1.26173 1.5 0 -0.395016 -0.358785 -0.395016 -0.358785 1.00106 0 1.00012 0 
2 1 0 1.30402 1.5 0 -0.415943 -0.375334 -0.415943 -0.375334 1.00096 0 1.00012 0 
2 1 0 1.34512 1.5 0 -0.438704 -0.392447 -0.438704 -0.392447 1.00085 0 1.00011 0 
2 1 0 1.38449 1.5 0 -0.464017 -0.410033 -0.464017 -0.410033 1.00071 0 1.0001 0 
2 1 0 1.42106 1.5 0 -0.49319 -0.427685 -0.49319 -0.427685 1.00054 0 1.00009 0 
2 1 0 1.4521 1.5 0 -0.528924 -0.443793 -0.528924 -0.443793 1.00032 0 1.00008 0 
2 1 0 1.46792 1.5 0 -0.575711 -0.45158 -0.575711 -0.45158 1.00001 0 1.00008 0 
2 1 0 1.46794 1.5 0 -0.577179 -0.451533 -0.577179 -0.451533 1 0 1.00008 0 
2 1 0 1.45255 1.5 0 -0.623485 -0.440624 -0.623485 -0.440624 0.999667 0 1.00008 0 
2 1 0 1.42086 1.5 0 -0.657494 -0.422205 -0.657494 -0.422205 0.999406 0 1.00009 0 
2 1 0 1.38326 1.5 0 -0.684209 -0.402901 -0.684209 -0.402901 0.999191 0 1.0001 0 
2 1 0 1.34274 1.5 0 -0.70664 -0.384066 -0.70664 -0.384066 0.999004 0 1.00011 0 
2 1 0 1.30045 1.5 0 -0.726233 -0.365958 -0.726233 -0.365958 0.998836 0 1.00012 0 
2 1 0 1.25698 1.5 0 -0.743783 -0.348581 -0.743783 -0.348581 0.998682 0 1.00013 0 
2 1 0 1.21265 1.5 0 -0.759776 -0.331874 -0.759776 -0.331874 0.998537 0 1.00013 0 
2 1 0 1.16767 1.5 0 -0.774534 -0.315765 -0.774534 -0.315765 0.998402 0 1.00014 0 
2 1 0 1.1222 1.5 0 -0.788282 -0.300184 -0.788282 -0.300184 0.998273 0 1.00015 0 
2 1 0 1.07632 1.5 0 -0.801185 -0.28507 -0.801185 -0.28507 0.99815 0 1.00015 0 
2 1 0 1.03011 1.5 0 -0.813369 -0.270368 -0.813369 -0.270368 0.998032 0 1.00016 0 
2 1 0 0.983621 1.5 0 -0.824931 -0.256032 -0.824931 -0.256032 0.997919 0 1.00016 0 
2 1 0 0.936905 1.5 0 -0.835948 -0.242021 -0.835948 -0.242021 0.99781 0 1.00016 0 
2 1 0 0.889993 1.5 0 -0.846484 -0.228301 -0.846484 -0.228301 0.997703 0 1.00017 0 
2 1 0 0.842912 1.5 0 -0.856591 -0.21484 -0.856591 -0.21484 0.9976 0 1.00017 0 
2 1 0 0.795684 1.5 0 -0.866312 -0.201612 -0.866312 -0.201612 0.9975 0 1.00018 0 
2 1 0 0.748327 1.5 0 -0.875682 -0.188592 -0.875682 -0.188592 0.997402 0 1.00018 0 
2 1 0 0.700857 1.5 0 -0.884735 -0.175758 -0.884735 -0.175758 0.997307 0 1.00018 0 
2 1 0 0.653288 1.5 0 -0.893496 -0.163092 -0.893496 -0.163092 0.997214 0 1.00018 0 
2 1 0 0.605631 1.5 0 -0.901988 -0.150576 -0.901988 -0.150576 0.997123 0 1.00019 0 
2 1 0 0.557895 1.5 0 -0.910233 -0.138194 -0.910233 -0.138194 0.997033 0 1.00019 0 
2 1 0 0.510089 1.5 0 -0.918248 -0.125932 -0.918248 -0.125932 0.996946 0 1.00019 0 
2 1 0 0.462221 1.5 0 -0.92605 -0.113775 -0.92605 -0.113775 0.99686 0 1.00019 0 
2 1 0 0.414297 1.5 0 -0.933651 -0.101712 -0.933651 -0.101712 0.996775 0 1.00019 0 
2 1 0 0.366323 1.5 0 -0.941066 -0.0897302 -0.941066 -0.0897302 0.996692 0 1.0002 0 
2 1 0 0.318305 1.5 0 -0.948306 -0.077819 -0.948306 -0.077819 0.99661 0 1.0002 0 
2 1 0 0.270247 1.5 0 -0.95538 -0.0659678 -0.95538 -0.0659678 0.99653 0 1.0002 0 
2 1 0 0.222155 1.5 0 -0.962298 -0.0541666 -0.962298 -0.0541666 0.99645 0 1.0002 0 
2 1 0 0.174031 1.5 0 -0.96907 -0.0424057 -0.96907 -0.0424057 0.996372 0 1.0002 0 
2 1 0 0.125881 1.5 0 -0.975701 -0.0306757 -0.975701 -0.0306757 0.996295 0 1.0002 0 
2 1 0 0.0777075 1.5 0 -0.9822 -0.0189674 -0.9822 -0.0189674 0.996219 0 1.0002 0 
2 1 0 0.029514 1.5 0 -0.988573 -0.00727176 -0.988573 -0.00727176 0.996144 0 1.0002 0 
2 1 0 -0.0186962 1.5 0 -0.994825 0.00442007 -0.994825 0.00442007 0.99607 0 1.0002 0 
