2 1 0 0 1.5 0 1.01478 1.01478 1.01478 1.01478 0 0 0 0 
1 1 0 0.00197189 1.5 0 1.01503 1.01501 1.01503 1.01501 0.995827 0 0.999582 0 
1 1 0 0.00394381 1.5 0 1.01527 1.01524 1.01527 1.01524 0.995824 0 0.999582 0 
1 1 0 0.00788775 1.5 0 1.01576 1.0157 1.01576 1.0157 0.995818 0 0.999581 0 
1 1 0 0.0157761 1.5 0 1.01673 1.01661 1.01673 1.01661 0.995806 0 0.99958 0 
1 1 0 0.0315545 1.5 0 1.01866 1.01842 1.01866 1.01842 0.995783 0 0.999578 0 
1 1 0 0.0631185 1.5 0 1.0225 1.02203 1.0225 1.02203 0.995736 0 0.999573 0 
1 1 0 0.112455 1.5 0 1.02841 1.02759 1.02841 1.02759 0.995664 0 0.999567 0 
1 1 0 0.161813 1.5 0 1.03423 1.03306 1.03423 1.03306 0.995592 0 0.99956 0 
1 1 0 0.211191 1.5 0 1.03996 1.03846 1.03996 1.03846 0.995521 0 0.999553 0 
1 1 0 0.260587 1.5 0 1.0456 1.04377 1.0456 1.04377 0.995451 0 0.999546 0 
1 1 0 0.310001 1.5 0 1.05115 1.04901 1.05115 1.04901 0.995381 0 0.99954 0 
1 1 0 0.359431 1.5 0 1.05662 1.05418 1.05662 1.05418 0.995312 0 0.999533 0 
1 1 0 0.408877 1.5 0 1.06202 1.05927 1.06202 1.05927 0.995244 0 0.999527 0 
1 1 0 0.458339 1.5 0 1.06733 1.0643 1.06733 1.0643 0.995176 0 0.99952 0 
1 1 0 0.507815 1.5 0 1.07258 1.06926 1.07258 1.06926 0.995109 0 0.999514 0 
1 1 0 0.557305 1.5 0 1.07775 1.07416 1.07775 1.07416 0.995043 0 0.999508 0 
1 1 0 0.606807 1.5 0 1.08286 1.079 1.08286 1.079 0.994977 0 0.999502 0 
1 1 0 0.656322 1.5 0 1.0879 1.08378 1.0879 1.08378 0.994912 0 0.999495 0 
1 1 0 0.705849 1.5 0 1.09288 1.0885 1.09288 1.0885 0.994847 0 0.999489 0 
1 1 0 0.755388 1.5 0 1.0978 1.09317 1.0978 1.09317 0.994783 0 0.999483 0 
1 1 0 0.804937 1.5 0 1.10266 1.09778 1.10266 1.09778 0.994719 0 0.999477 0 
1 1 0 0.854497 1.5 0 1.10746 1.10234 1.10746 1.10234 0.994656 0 0.999471 0 
1 1 0 0.904067 1.5 0 1.1122 1.10685 1.1122 1.10685 0.994593 0 0.999465 0 
1 1 0 0.953646 1.5 0 1.11689 1.11131 1.11689 1.11131 0.99453 0 0.999459 0 
1 1 0 1.00323 1.5 0 1.12153 1.11572 1.12153 1.11572 0.994468 0 0.999453 0 
1 1 0 1.05283 1.5 0 1.12612 1.12009 1.12612 1.12009 0.994407 0 0.999447 0 
1 1 0 1.10244 1.5 0 1.13065 1.12441 1.13065 1.12441 0.994346 0 0.999442 0 
1 1 0 1.15205 1.5 0 1.13514 1.12868 1.13514 1.12868 0.994285 0 0.999436 0 
1 1 0 1.20167 1.5 0 1.13959 1.13291 1.13959 1.13291 0.994225 0 0.99943 0 
1 1 0 1.2513 1.5 0 1.14398 1.1371 1.14398 1.1371 0.994165 0 0.999424 0 
1 1 0 1.30094 1.5 0 1.14833 1.14125 1.14833 1.14125 0.994105 0 0.999419 0 
1 1 0 1.35059 1.5 0 1.15264 1.14536 1.15264 1.14536 0.994046 0 0.999413 0 
1 1 0 1.40024 1.5 0 1.15691 1.14943 1.15691 1.14943 0.993988 0 0.999407 0 
1 1 0 1.44989 1.5 0 1.16113 1.15347 1.16113 1.15347 0.993929 0 0.999402 0 
1 1 0 1.49956 1.5 0 1.16532 1.15746 1.16532 1.15746 0.993871 0 0.999396 0 
1 1 0 1.54923 1.5 0 1.16947 1.16142 1.16947 1.16142 0.993813 0 0.999391 0 
1 1 0 1.5989 1.5 0 1.17357 1.16535 1.17357 1.16535 0.993756 0 0.999385 0 
1 1 0 1.64859 1.5 0 1.17764 1.16924 1.17764 1.16924 0.993699 0 0.99938 0 
1 1 0 1.69827 1.5 0 1.18168 1.1731 1.18168 1.1731 0.993642 0 0.999375 0 
1 1 0 1.74797 1.5 0 1.18568 1.17692 1.18568 1.17692 0.993586 0 0.999369 0 
1 1 0 1.79767 1.5 0 1.18964 1.18071 1.18964 1.18071 0.99353 0 0.999364 0 
1 1 0 1.84737 1.5 0 1.19357 1.18447 1.19357 1.18447 0.993474 0 0.999358 0 
1 1 0 1.89708 1.5 0 1.19747 1.1882 1.19747 1.1882 0.993418 0 0.999353 0 
1 1 0 1.94679 1.5 0 1.20133 1.1919 1.20133 1.1919 0.993363 0 0.999348 0 
1 1 0 1.99651 1.5 0 1.20516 1.19557 1.20516 1.19557 0.993308 0 0.999343 0 
1 1 0 2.04623 1.5 0 1.20896 1.19921 1.20896 1.19921 0.993253 0 0.999337 0 
1 1 0 2.09596 1.5 0 1.21273 1.20282 1.21273 1.20282 0.993199 0 0.999332 0 
1 1 0 2.14569 1.5 0 1.21648 1.20641 1.21648 1.20641 0.993145 0 0.999327 0 
1 1 0 2.19542 1.5 0 1.22019 1.20996 1.22019 1.20996 0.993091 0 0.999322 0 
1 1 0 2.24516 1.5 0 1.22387 1.21349 1.22387 1.21349 0.993037 0 0.999317 0 
1 1 0 2.2949 1.5 0 1.22752 1.217 1.22752 1.217 0.992984 0 0.999312 0 
1 1 0 2.34465 1.5 0 1.23115 1.22048 1.23115 1.22048 0.992931 0 0.999307 0 
1 1 0 2.3944 1.5 0 1.23475 1.22393 1.23475 1.22393 0.992878 0 0.999301 0 
1 1 0 2.44416 1.5 0 1.23832 1.22736 1.23832 1.22736 0.992825 0 0.999296 0 
1 1 0 2.49391 1.5 0 1.24187 1.23076 1.24187 1.23076 0.992773 0 0.999291 0 
1 1 0 2.54368 1.5 0 1.24539 1.23414 1.24539 1.23414 0.992721 0 0.999286 0 
1 1 0 2.59344 1.5 0 1.24889 1.2375 1.24889 1.2375 0.992669 0 0.999281 0 
1 1 0 2.64321 1.5 0 1.25236 1.24083 1.25236 1.24083 0.992617 0 0.999276 0 
1 1 0 2.69298 1.5 0 1.25581 1.24415 1.25581 1.24415 0.992565 0 0.999272 0 
1 1 0 2.74275 1.5 0 1.25924 1.24744 1.25924 1.24744 0.992514 0 0.999267 0 
1 1 0 2.79253 1.5 0 1.26264 1.2507 1.26264 1.2507 0.992463 0 0.999262 0 
1 1 0 2.84231 1.5 0 1.26602 1.25395 1.26602 1.25395 0.992412 0 0.999257 0 
1 1 0 2.89209 1.5 0 1.26937 1.25717 1.26937 1.25717 0.992361 0 0.999252 0 
1 1 0 2.94188 1.5 0 1.2727 1.26038 1.2727 1.26038 0.992311 0 0.999247 0 
1 1 0 2.99167 1.5 0 1.27602 1.26356 1.27602 1.26356 0.992261 0 0.999242 0 
1 1 0 3.04146 1.5 0 1.27931 1.26672 1.27931 1.26672 0.992211 0 0.999238 0 
